#          k/h    CDM            baryon         photon         nu             mass_nu        total          no_nu          total_de       Weyl           v_CDM          v_b            v_b-v_c     
   0.104976E-04   0.197876E+08   0.197876E+08   0.263697E+08   0.263694E+08   0.197898E+08   0.197876E+08   0.197876E+08   0.197943E+08  -0.473119E+00   0.104471E+08   0.104471E+08   0.517239E+01
   0.115914E-04   0.197876E+08   0.197876E+08   0.263666E+08   0.263663E+08   0.197898E+08   0.197876E+08   0.197876E+08   0.197943E+08  -0.473119E+00   0.104471E+08   0.104471E+08   0.571113E+01
   0.127992E-04   0.197876E+08   0.197876E+08   0.263629E+08   0.263625E+08   0.197898E+08   0.197876E+08   0.197876E+08   0.197943E+08  -0.473119E+00   0.104471E+08   0.104471E+08   0.630594E+01
   0.141328E-04   0.197876E+08   0.197876E+08   0.263584E+08   0.263579E+08   0.197897E+08   0.197876E+08   0.197876E+08   0.197943E+08  -0.473119E+00   0.104471E+08   0.104471E+08   0.696264E+01
   0.156053E-04   0.197876E+08   0.197876E+08   0.263529E+08   0.263522E+08   0.197897E+08   0.197876E+08   0.197876E+08   0.197942E+08  -0.473118E+00   0.104471E+08   0.104471E+08   0.768765E+01
   0.172313E-04   0.197876E+08   0.197876E+08   0.263462E+08   0.263454E+08   0.197897E+08   0.197876E+08   0.197876E+08   0.197942E+08  -0.473118E+00   0.104471E+08   0.104471E+08   0.848803E+01
   0.190267E-04   0.197876E+08   0.197876E+08   0.263380E+08   0.263370E+08   0.197897E+08   0.197876E+08   0.197876E+08   0.197942E+08  -0.473118E+00   0.104471E+08   0.104471E+08   0.937159E+01
   0.210092E-04   0.197875E+08   0.197875E+08   0.263281E+08   0.263269E+08   0.197896E+08   0.197875E+08   0.197875E+08   0.197942E+08  -0.473117E+00   0.104471E+08   0.104471E+08   0.103469E+02
   0.231983E-04   0.197875E+08   0.197875E+08   0.263159E+08   0.263145E+08   0.197896E+08   0.197875E+08   0.197875E+08   0.197942E+08  -0.473116E+00   0.104471E+08   0.104471E+08   0.114235E+02
   0.256154E-04   0.197875E+08   0.197875E+08   0.263011E+08   0.262993E+08   0.197895E+08   0.197875E+08   0.197875E+08   0.197941E+08  -0.473116E+00   0.104471E+08   0.104471E+08   0.126117E+02
   0.282844E-04   0.197875E+08   0.197874E+08   0.262831E+08   0.262809E+08   0.197894E+08   0.197875E+08   0.197875E+08   0.197941E+08  -0.473115E+00   0.104471E+08   0.104471E+08   0.139230E+02
   0.312315E-04   0.197874E+08   0.197874E+08   0.262611E+08   0.262585E+08   0.197893E+08   0.197874E+08   0.197874E+08   0.197941E+08  -0.473113E+00   0.104470E+08   0.104470E+08   0.153699E+02
   0.344857E-04   0.197874E+08   0.197874E+08   0.262343E+08   0.262311E+08   0.197892E+08   0.197874E+08   0.197874E+08   0.197940E+08  -0.473112E+00   0.104470E+08   0.104470E+08   0.169664E+02
   0.380789E-04   0.197873E+08   0.197873E+08   0.262017E+08   0.261978E+08   0.197890E+08   0.197873E+08   0.197873E+08   0.197939E+08  -0.473110E+00   0.104470E+08   0.104470E+08   0.187274E+02
   0.420465E-04   0.197872E+08   0.197872E+08   0.261620E+08   0.261573E+08   0.197888E+08   0.197872E+08   0.197872E+08   0.197938E+08  -0.473108E+00   0.104469E+08   0.104469E+08   0.206696E+02
   0.464275E-04   0.197871E+08   0.197871E+08   0.261137E+08   0.261079E+08   0.197886E+08   0.197871E+08   0.197871E+08   0.197937E+08  -0.473105E+00   0.104469E+08   0.104469E+08   0.228110E+02
   0.512650E-04   0.197870E+08   0.197870E+08   0.260549E+08   0.260478E+08   0.197883E+08   0.197870E+08   0.197870E+08   0.197936E+08  -0.473102E+00   0.104468E+08   0.104468E+08   0.251713E+02
   0.566066E-04   0.197869E+08   0.197869E+08   0.259833E+08   0.259747E+08   0.197880E+08   0.197869E+08   0.197869E+08   0.197935E+08  -0.473098E+00   0.104468E+08   0.104468E+08   0.277718E+02
   0.625047E-04   0.197867E+08   0.197867E+08   0.258963E+08   0.258859E+08   0.197876E+08   0.197867E+08   0.197867E+08   0.197933E+08  -0.473093E+00   0.104467E+08   0.104467E+08   0.306356E+02
   0.690173E-04   0.197865E+08   0.197865E+08   0.257906E+08   0.257780E+08   0.197871E+08   0.197865E+08   0.197865E+08   0.197931E+08  -0.473087E+00   0.104466E+08   0.104466E+08   0.337876E+02
   0.762086E-04   0.197863E+08   0.197863E+08   0.256623E+08   0.256469E+08   0.197865E+08   0.197863E+08   0.197863E+08   0.197928E+08  -0.473080E+00   0.104464E+08   0.104464E+08   0.372542E+02
   0.841491E-04   0.197860E+08   0.197860E+08   0.255066E+08   0.254879E+08   0.197858E+08   0.197860E+08   0.197860E+08   0.197924E+08  -0.473071E+00   0.104463E+08   0.104463E+08   0.410634E+02
   0.929170E-04   0.197857E+08   0.197856E+08   0.253179E+08   0.252953E+08   0.197849E+08   0.197857E+08   0.197857E+08   0.197920E+08  -0.473061E+00   0.104461E+08   0.104461E+08   0.452448E+02
   0.102598E-03   0.197852E+08   0.197852E+08   0.250897E+08   0.250623E+08   0.197838E+08   0.197852E+08   0.197852E+08   0.197916E+08  -0.473048E+00   0.104459E+08   0.104458E+08   0.498286E+02
   0.113289E-03   0.197847E+08   0.197847E+08   0.248139E+08   0.247809E+08   0.197825E+08   0.197847E+08   0.197847E+08   0.197909E+08  -0.473032E+00   0.104456E+08   0.104456E+08   0.548455E+02
   0.125093E-03   0.197841E+08   0.197840E+08   0.244815E+08   0.244416E+08   0.197809E+08   0.197840E+08   0.197841E+08   0.197902E+08  -0.473013E+00   0.104452E+08   0.104452E+08   0.603256E+02
   0.138127E-03   0.197833E+08   0.197832E+08   0.240818E+08   0.240338E+08   0.197789E+08   0.197833E+08   0.197833E+08   0.197893E+08  -0.472990E+00   0.104448E+08   0.104448E+08   0.662974E+02
   0.152519E-03   0.197823E+08   0.197822E+08   0.236026E+08   0.235449E+08   0.197765E+08   0.197823E+08   0.197823E+08   0.197882E+08  -0.472961E+00   0.104443E+08   0.104443E+08   0.727857E+02
   0.168411E-03   0.197812E+08   0.197811E+08   0.230302E+08   0.229612E+08   0.197736E+08   0.197811E+08   0.197812E+08   0.197869E+08  -0.472927E+00   0.104437E+08   0.104436E+08   0.798097E+02
   0.185958E-03   0.197798E+08   0.197796E+08   0.223498E+08   0.222676E+08   0.197700E+08   0.197797E+08   0.197798E+08   0.197854E+08  -0.472886E+00   0.104429E+08   0.104429E+08   0.873795E+02
   0.205334E-03   0.197781E+08   0.197779E+08   0.215453E+08   0.214479E+08   0.197657E+08   0.197780E+08   0.197781E+08   0.197834E+08  -0.472835E+00   0.104420E+08   0.104419E+08   0.954926E+02
   0.226729E-03   0.197760E+08   0.197758E+08   0.206009E+08   0.204862E+08   0.197604E+08   0.197759E+08   0.197760E+08   0.197811E+08  -0.472775E+00   0.104409E+08   0.104408E+08   0.104128E+03
   0.250352E-03   0.197735E+08   0.197733E+08   0.195015E+08   0.193675E+08   0.197540E+08   0.197734E+08   0.197735E+08   0.197783E+08  -0.472701E+00   0.104395E+08   0.104394E+08   0.113242E+03
   0.276438E-03   0.197705E+08   0.197702E+08   0.182351E+08   0.180801E+08   0.197462E+08   0.197703E+08   0.197704E+08   0.197749E+08  -0.472613E+00   0.104379E+08   0.104378E+08   0.122757E+03
   0.305241E-03   0.197668E+08   0.197664E+08   0.167953E+08   0.166181E+08   0.197368E+08   0.197666E+08   0.197667E+08   0.197708E+08  -0.472507E+00   0.104359E+08   0.104358E+08   0.132559E+03
   0.337046E-03   0.197624E+08   0.197619E+08   0.151846E+08   0.149849E+08   0.197254E+08   0.197621E+08   0.197623E+08   0.197659E+08  -0.472380E+00   0.104335E+08   0.104334E+08   0.142480E+03
   0.372164E-03   0.197570E+08   0.197565E+08   0.134186E+08   0.131977E+08   0.197115E+08   0.197567E+08   0.197569E+08   0.197601E+08  -0.472229E+00   0.104306E+08   0.104305E+08   0.152301E+03
   0.410942E-03   0.197506E+08   0.197500E+08   0.115309E+08   0.112921E+08   0.196947E+08   0.197502E+08   0.197505E+08   0.197531E+08  -0.472049E+00   0.104272E+08   0.104270E+08   0.161736E+03
   0.453760E-03   0.197428E+08   0.197421E+08   0.957674E+07   0.932587E+07   0.196744E+08   0.197424E+08   0.197427E+08   0.197448E+08  -0.471836E+00   0.104230E+08   0.104228E+08   0.170435E+03
   0.501039E-03   0.197336E+08   0.197328E+08   0.763469E+07   0.738064E+07   0.196500E+08   0.197331E+08   0.197335E+08   0.197350E+08  -0.471586E+00   0.104180E+08   0.104177E+08   0.177993E+03
   0.553245E-03   0.197225E+08   0.197216E+08   0.580400E+07   0.555856E+07   0.196205E+08   0.197219E+08   0.197224E+08   0.197234E+08  -0.471291E+00   0.104120E+08   0.104117E+08   0.183964E+03
   0.610890E-03   0.197094E+08   0.197083E+08   0.419381E+07   0.397087E+07   0.195851E+08   0.197087E+08   0.197093E+08   0.197097E+08  -0.470947E+00   0.104049E+08   0.104046E+08   0.187903E+03
   0.674541E-03   0.196939E+08   0.196926E+08   0.290296E+07   0.271663E+07   0.195426E+08   0.196930E+08   0.196937E+08   0.196937E+08  -0.470547E+00   0.103966E+08   0.103962E+08   0.189412E+03
   0.744825E-03   0.196756E+08   0.196741E+08   0.199092E+07   0.185250E+07   0.194919E+08   0.196745E+08   0.196753E+08   0.196750E+08  -0.470083E+00   0.103867E+08   0.103863E+08   0.188204E+03
   0.822432E-03   0.196540E+08   0.196524E+08   0.144774E+07   0.136203E+07   0.194314E+08   0.196527E+08   0.196537E+08   0.196531E+08  -0.469545E+00   0.103751E+08   0.103746E+08   0.184170E+03
   0.908125E-03   0.196288E+08   0.196270E+08   0.117945E+07   0.114188E+07   0.193595E+08   0.196273E+08   0.196285E+08   0.196276E+08  -0.468924E+00   0.103615E+08   0.103610E+08   0.177413E+03
   0.100275E-02   0.195993E+08   0.195974E+08   0.103065E+07   0.102712E+07   0.192744E+08   0.195976E+08   0.195990E+08   0.195978E+08  -0.468205E+00   0.103457E+08   0.103452E+08   0.168251E+03
   0.110723E-02   0.195651E+08   0.195630E+08   0.854532E+06   0.865679E+06   0.191741E+08   0.195630E+08   0.195648E+08   0.195632E+08  -0.467373E+00   0.103274E+08   0.103269E+08   0.157159E+03
   0.122260E-02   0.195254E+08   0.195232E+08   0.602608E+06   0.611585E+06   0.190563E+08   0.195229E+08   0.195250E+08   0.195231E+08  -0.466410E+00   0.103062E+08   0.103057E+08   0.144687E+03
   0.134998E-02   0.194795E+08   0.194773E+08   0.356814E+06   0.355872E+06   0.189190E+08   0.194766E+08   0.194791E+08   0.194767E+08  -0.465298E+00   0.102817E+08   0.102812E+08   0.131412E+03
   0.149064E-02   0.194266E+08   0.194243E+08   0.233251E+06   0.223813E+06   0.187605E+08   0.194232E+08   0.194262E+08   0.194233E+08  -0.464018E+00   0.102535E+08   0.102530E+08   0.117948E+03
   0.164596E-02   0.193657E+08   0.193635E+08   0.221741E+06  -0.172331E+06   0.185785E+08   0.193618E+08   0.193653E+08   0.193618E+08  -0.462546E+00   0.102211E+08   0.102206E+08   0.104985E+03
   0.181746E-02   0.192959E+08   0.192937E+08   0.186050E+06  -0.140825E+06   0.183717E+08   0.192914E+08   0.192956E+08   0.192914E+08  -0.460863E+00   0.101840E+08   0.101835E+08   0.931998E+02
   0.200683E-02   0.192162E+08   0.192139E+08   0.899610E+05  -0.115020E+06   0.181384E+08   0.192110E+08   0.192158E+08   0.192110E+08  -0.458939E+00   0.101415E+08   0.101410E+08   0.830302E+02
   0.221593E-02   0.191253E+08   0.191230E+08   0.524771E+05  -0.938893E+05   0.178780E+08   0.191194E+08   0.191250E+08   0.191194E+08  -0.456749E+00   0.100932E+08   0.100927E+08   0.745376E+02
   0.244682E-02   0.190222E+08   0.190197E+08   0.595504E+05  -0.765910E+05   0.175898E+08   0.190154E+08   0.190218E+08   0.190154E+08  -0.454263E+00   0.100384E+08   0.100379E+08   0.674882E+02
   0.270177E-02   0.189055E+08   0.189029E+08   0.240767E+05  -0.624340E+05   0.172739E+08   0.188978E+08   0.189051E+08   0.188978E+08  -0.451453E+00   0.997642E+07   0.997592E+07   0.614340E+02
   0.298328E-02   0.187741E+08   0.187713E+08   0.246135E+05  -0.508528E+05   0.169301E+08   0.187653E+08   0.187736E+08   0.187653E+08  -0.448288E+00   0.990660E+07   0.990610E+07   0.558383E+02
   0.329412E-02   0.186265E+08   0.186235E+08   0.103516E+05  -0.413827E+05   0.165581E+08   0.186167E+08   0.186260E+08   0.186167E+08  -0.444738E+00   0.982828E+07   0.982778E+07   0.504265E+02
   0.363735E-02   0.184616E+08   0.184583E+08   0.452542E+04  -0.336430E+05   0.161569E+08   0.184507E+08   0.184611E+08   0.184507E+08  -0.440770E+00   0.974076E+07   0.974027E+07   0.452829E+02
   0.401634E-02   0.182779E+08   0.182744E+08  -0.307404E+04  -0.273212E+05   0.157255E+08   0.182659E+08   0.182774E+08   0.182659E+08  -0.436355E+00   0.964336E+07   0.964287E+07   0.407016E+02
   0.443482E-02   0.180742E+08   0.180704E+08   0.216527E+03  -0.221610E+05   0.152624E+08   0.180610E+08   0.180736E+08   0.180609E+08  -0.431460E+00   0.953536E+07   0.953488E+07   0.367882E+02
   0.489691E-02   0.178492E+08   0.178449E+08  -0.200713E+04  -0.179520E+05   0.147684E+08   0.178346E+08   0.178485E+08   0.178346E+08  -0.426053E+00   0.941609E+07   0.941560E+07   0.333035E+02
   0.540714E-02   0.176015E+08   0.175967E+08  -0.268573E+04  -0.145216E+05   0.142434E+08   0.175856E+08   0.176007E+08   0.175856E+08  -0.420103E+00   0.928483E+07   0.928434E+07   0.300264E+02
   0.597054E-02   0.173298E+08   0.173244E+08  -0.193493E+04  -0.117284E+05   0.136869E+08   0.173125E+08   0.173289E+08   0.173125E+08  -0.413579E+00   0.914089E+07   0.914040E+07   0.270714E+02
   0.659264E-02   0.170331E+08   0.170269E+08  -0.240751E+04  -0.945653E+04   0.130674E+08   0.170142E+08   0.170321E+08   0.170142E+08  -0.406453E+00   0.898369E+07   0.898321E+07   0.245119E+02
   0.727955E-02   0.167091E+08   0.167021E+08  -0.210566E+04  -0.761013E+04   0.124341E+08   0.166888E+08   0.167080E+08   0.166888E+08  -0.398678E+00   0.881214E+07   0.881166E+07   0.221774E+02
   0.803805E-02   0.163568E+08   0.163487E+08  -0.203842E+04  -0.611140E+04   0.117741E+08   0.163349E+08   0.163555E+08   0.163349E+08  -0.390224E+00   0.862558E+07   0.862509E+07   0.200895E+02
   0.887557E-02   0.159751E+08   0.159658E+08  -0.236702E+04  -0.489665E+04   0.110965E+08   0.159517E+08   0.159737E+08   0.159517E+08  -0.381070E+00   0.842356E+07   0.842308E+07   0.182471E+02
   0.980035E-02   0.155629E+08   0.155521E+08  -0.122253E+04  -0.391349E+04   0.104022E+08   0.155379E+08   0.155612E+08   0.155379E+08  -0.371186E+00   0.820540E+07   0.820491E+07   0.165893E+02
   0.108215E-01   0.151186E+08   0.151061E+08  -0.159577E+04  -0.311899E+04   0.969074E+07   0.150921E+08   0.151166E+08   0.150921E+08  -0.360536E+00   0.797033E+07   0.796984E+07   0.151406E+02
   0.119490E-01   0.146410E+08   0.146265E+08  -0.136051E+04  -0.247804E+04   0.896782E+07   0.146131E+08   0.146387E+08   0.146131E+08  -0.349093E+00   0.771772E+07   0.771722E+07   0.138388E+02
   0.131941E-01   0.141291E+08   0.141122E+08  -0.978471E+03  -0.196197E+04   0.824117E+07   0.140999E+08   0.141264E+08   0.140999E+08  -0.336832E+00   0.744702E+07   0.744651E+07   0.126961E+02
   0.145688E-01   0.135819E+08   0.135624E+08  -0.963928E+03  -0.154734E+04   0.751739E+07   0.135515E+08   0.135788E+08   0.135515E+08  -0.323731E+00   0.715773E+07   0.715722E+07   0.116795E+02
   0.160868E-01   0.129989E+08   0.129764E+08  -0.875251E+03  -0.121502E+04   0.679900E+07   0.129674E+08   0.129954E+08   0.129674E+08  -0.309779E+00   0.684960E+07   0.684909E+07   0.107753E+02
   0.177630E-01   0.123802E+08   0.123544E+08  -0.534120E+03  -0.949424E+03   0.609541E+07   0.123478E+08   0.123761E+08   0.123478E+08  -0.294977E+00   0.652268E+07   0.652215E+07   0.995934E+01
   0.196138E-01   0.117268E+08   0.116975E+08  -0.504702E+03  -0.737855E+03   0.541220E+07   0.116938E+08   0.117222E+08   0.116938E+08  -0.279353E+00   0.617754E+07   0.617700E+07   0.921478E+01
   0.216574E-01   0.110414E+08   0.110083E+08  -0.354752E+03  -0.569991E+03   0.475646E+07   0.110079E+08   0.110362E+08   0.110079E+08  -0.262966E+00   0.581551E+07   0.581495E+07   0.852059E+01
   0.239140E-01   0.103282E+08   0.102914E+08  -0.301307E+03  -0.437448E+03   0.413498E+07   0.102946E+08   0.103225E+08   0.102946E+08  -0.245926E+00   0.543899E+07   0.543843E+07   0.785235E+01
   0.264058E-01   0.959469E+07   0.955435E+07  -0.234901E+03  -0.333413E+03   0.355465E+07   0.956116E+07   0.958835E+07   0.956116E+07  -0.228406E+00   0.505180E+07   0.505123E+07   0.719120E+01
   0.291571E-01   0.885120E+07   0.880790E+07  -0.150682E+03  -0.252349E+03   0.302115E+07   0.881815E+07   0.884440E+07   0.881815E+07  -0.210656E+00   0.465949E+07   0.465892E+07   0.651619E+01
   0.321951E-01   0.811190E+07   0.806657E+07  -0.158663E+03  -0.189744E+03   0.253973E+07   0.807970E+07   0.810478E+07   0.807970E+07  -0.193016E+00   0.426954E+07   0.426898E+07   0.581161E+01
   0.355497E-01   0.739427E+07   0.734829E+07  -0.942372E+02  -0.141901E+03   0.211421E+07   0.736328E+07   0.738705E+07   0.736328E+07  -0.175901E+00   0.389118E+07   0.389064E+07   0.506895E+01
   0.392538E-01   0.671785E+07   0.667301E+07  -0.709270E+02  -0.105772E+03   0.174650E+07   0.668843E+07   0.671080E+07   0.668843E+07  -0.159780E+00   0.353474E+07   0.353423E+07   0.429071E+01
   0.433438E-01   0.610142E+07   0.605977E+07  -0.793773E+02  -0.788198E+02   0.143607E+07   0.607388E+07   0.609488E+07   0.607388E+07  -0.145099E+00   0.321012E+07   0.320966E+07   0.349419E+01
   0.476782E-01   0.557641E+07   0.553973E+07  -0.583996E+02  -0.595578E+02   0.118800E+07   0.555090E+07   0.557065E+07   0.555090E+07  -0.132605E+00   0.293385E+07   0.293346E+07   0.274293E+01
   0.520126E-01   0.516283E+07   0.513194E+07  -0.454501E+02  -0.463512E+02   0.100083E+07   0.513924E+07   0.515798E+07   0.513924E+07  -0.122771E+00   0.271638E+07   0.271605E+07   0.210784E+01
   0.563469E-01   0.482651E+07   0.480138E+07  -0.362175E+02  -0.369354E+02   0.855415E+06   0.480468E+07   0.482256E+07   0.480468E+07  -0.114779E+00   0.253963E+07   0.253936E+07   0.160032E+01
   0.606813E-01   0.454135E+07   0.452126E+07  -0.293935E+02  -0.299759E+02   0.739007E+06   0.452107E+07   0.453819E+07   0.452107E+07  -0.108004E+00   0.238979E+07   0.238957E+07   0.122136E+01
   0.650157E-01   0.428776E+07   0.427151E+07  -0.241825E+02  -0.246616E+02   0.643104E+06   0.426879E+07   0.428521E+07   0.426879E+07  -0.101977E+00   0.225650E+07   0.225632E+07   0.961225E+00
   0.693501E-01   0.404956E+07   0.403572E+07  -0.200783E+02  -0.204760E+02   0.561769E+06   0.403167E+07   0.404738E+07   0.403167E+07  -0.963124E-01   0.213121E+07   0.213104E+07   0.801268E+00
   0.736844E-01   0.381474E+07   0.380194E+07  -0.167574E+02  -0.170892E+02   0.491015E+06   0.379776E+07   0.381273E+07   0.379776E+07  -0.907244E-01   0.200760E+07   0.200745E+07   0.717296E+00
   0.780188E-01   0.357965E+07   0.356674E+07  -0.140278E+02  -0.143055E+02   0.428767E+06   0.356343E+07   0.357762E+07   0.356343E+07  -0.851266E-01   0.188377E+07   0.188361E+07   0.683686E+00
   0.823532E-01   0.334735E+07   0.333359E+07  -0.117739E+02  -0.120070E+02   0.374113E+06   0.333179E+07   0.334519E+07   0.333179E+07  -0.795931E-01   0.176135E+07   0.176119E+07   0.676558E+00
   0.866876E-01   0.312423E+07   0.310932E+07  -0.991809E+01  -0.101144E+02   0.326630E+06   0.310929E+07   0.312189E+07   0.310929E+07  -0.742776E-01   0.164376E+07   0.164358E+07   0.676171E+00
   0.910220E-01   0.291650E+07   0.290055E+07  -0.839807E+01  -0.856426E+01   0.285895E+06   0.290215E+07   0.291399E+07   0.290215E+07  -0.693292E-01   0.153428E+07   0.153409E+07   0.668387E+00
   0.964383E-01   0.268582E+07   0.266919E+07  -0.688975E+01  -0.702607E+01   0.243670E+06   0.267221E+07   0.268321E+07   0.267221E+07  -0.638363E-01   0.141274E+07   0.141256E+07   0.636679E+00
   0.101855E+00   0.249306E+07   0.247674E+07  -0.573359E+01  -0.584702E+01   0.210002E+06   0.248022E+07   0.249049E+07   0.248022E+07  -0.592497E-01   0.131126E+07   0.131108E+07   0.578239E+00
   0.107271E+00   0.233964E+07   0.232459E+07  -0.485167E+01  -0.494764E+01   0.183521E+06   0.232757E+07   0.233727E+07   0.232757E+07  -0.556031E-01   0.123057E+07   0.123041E+07   0.500225E+00
   0.112687E+00   0.222002E+07   0.220691E+07  -0.417239E+01  -0.425492E+01   0.162600E+06   0.220870E+07   0.221796E+07   0.220870E+07  -0.527635E-01   0.116774E+07   0.116760E+07   0.415064E+00
   0.118103E+00   0.212329E+07   0.211233E+07  -0.363362E+01  -0.370548E+01   0.145573E+06   0.211266E+07   0.212157E+07   0.211266E+07  -0.504692E-01   0.111697E+07   0.111685E+07   0.335622E+00
   0.123520E+00   0.203745E+07   0.202842E+07  -0.318820E+01  -0.325125E+01   0.131056E+06   0.202744E+07   0.203603E+07   0.202744E+07  -0.484335E-01   0.107193E+07   0.107183E+07   0.271638E+00
   0.128936E+00   0.195305E+07   0.194540E+07  -0.280515E+01  -0.286062E+01   0.118110E+06   0.194358E+07   0.195184E+07   0.194358E+07  -0.464301E-01   0.102759E+07   0.102751E+07   0.227865E+00
   0.134352E+00   0.186476E+07   0.185780E+07  -0.246697E+01  -0.251575E+01   0.106228E+06   0.185574E+07   0.186367E+07   0.185574E+07  -0.443318E-01   0.981163E+06   0.981081E+06   0.203874E+00
   0.139768E+00   0.177155E+07   0.176466E+07  -0.216563E+01  -0.220845E+01   0.952342E+05   0.176292E+07   0.177047E+07   0.176292E+07  -0.421143E-01   0.932093E+06   0.932011E+06   0.195206E+00
   0.145185E+00   0.167559E+07   0.166833E+07  -0.189834E+01  -0.193588E+01   0.851461E+05   0.166729E+07   0.167445E+07   0.166729E+07  -0.398298E-01   0.881538E+06   0.881453E+06   0.195272E+00
   0.150601E+00   0.158081E+07   0.157301E+07  -0.166441E+01  -0.169731E+01   0.760550E+05   0.157281E+07   0.157958E+07   0.157281E+07  -0.375727E-01   0.831589E+06   0.831500E+06   0.197371E+00
   0.156017E+00   0.149194E+07   0.148371E+07  -0.146362E+01  -0.149256E+01   0.680646E+05   0.148423E+07   0.149064E+07   0.148423E+07  -0.354568E-01   0.784764E+06   0.784672E+06   0.196329E+00
   0.161434E+00   0.141344E+07   0.140508E+07  -0.129512E+01  -0.132072E+01   0.612362E+05   0.140604E+07   0.141213E+07   0.140604E+07  -0.335887E-01   0.743424E+06   0.743332E+06   0.189382E+00
   0.166850E+00   0.134773E+07   0.133960E+07  -0.115607E+01  -0.117892E+01   0.555275E+05   0.134064E+07   0.134646E+07   0.134064E+07  -0.320264E-01   0.708848E+06   0.708760E+06   0.176255E+00
   0.172266E+00   0.129417E+07   0.128658E+07  -0.104147E+01  -0.106205E+01   0.507748E+05   0.128738E+07   0.129298E+07   0.128738E+07  -0.307541E-01   0.680691E+06   0.680609E+06   0.158605E+00
   0.177682E+00   0.124984E+07   0.124301E+07  -0.945493E+00  -0.964181E+00   0.467533E+05   0.124335E+07   0.124877E+07   0.124335E+07  -0.297023E-01   0.657413E+06   0.657339E+06   0.139158E+00
   0.183099E+00   0.121124E+07   0.120521E+07  -0.862968E+00  -0.880024E+00   0.432514E+05   0.120503E+07   0.121029E+07   0.120503E+07  -0.287870E-01   0.637156E+06   0.637089E+06   0.120774E+00
   0.188515E+00   0.117502E+07   0.116969E+07  -0.789820E+00  -0.805430E+00   0.400962E+05   0.116908E+07   0.117419E+07   0.116908E+07  -0.279280E-01   0.618145E+06   0.618085E+06   0.105680E+00
   0.193931E+00   0.113830E+07   0.113346E+07  -0.723041E+00  -0.737331E+00   0.371576E+05   0.113258E+07   0.113754E+07   0.113258E+07  -0.270561E-01   0.598850E+06   0.598795E+06   0.950008E-01
   0.199348E+00   0.109929E+07   0.109469E+07  -0.660856E+00  -0.673917E+00   0.343600E+05   0.109377E+07   0.109856E+07   0.109377E+07  -0.261290E-01   0.578330E+06   0.578277E+06   0.886975E-01
   0.204764E+00   0.105788E+07   0.105332E+07  -0.602772E+00  -0.614684E+00   0.316908E+05   0.105254E+07   0.105717E+07   0.105254E+07  -0.251441E-01   0.556534E+06   0.556482E+06   0.858070E-01
   0.210180E+00   0.101537E+07   0.101070E+07  -0.549110E+00  -0.559961E+00   0.291784E+05   0.101020E+07   0.101464E+07   0.101020E+07  -0.241326E-01   0.534146E+06   0.534093E+06   0.848600E-01
   0.215596E+00   0.973585E+06   0.968755E+06  -0.500377E+00  -0.510264E+00   0.268609E+05   0.968563E+06   0.972826E+06   0.968563E+06  -0.231379E-01   0.512133E+06   0.512079E+06   0.843297E-01
   0.221013E+00   0.934267E+06   0.929327E+06  -0.456913E+00  -0.465941E+00   0.247682E+05   0.929395E+06   0.933491E+06   0.929395E+06  -0.222023E-01   0.491425E+06   0.491370E+06   0.830072E-01
   0.226429E+00   0.898775E+06   0.893831E+06  -0.418774E+00  -0.427049E+00   0.229142E+05   0.894054E+06   0.897998E+06   0.894054E+06  -0.213580E-01   0.472740E+06   0.472685E+06   0.802261E-01
   0.231845E+00   0.867767E+06   0.862946E+06  -0.385660E+00  -0.393280E+00   0.212928E+05   0.863198E+06   0.867010E+06   0.863198E+06  -0.206209E-01   0.456425E+06   0.456372E+06   0.759062E-01
   0.237262E+00   0.841055E+06   0.836471E+06  -0.356928E+00  -0.363981E+00   0.198774E+05   0.836637E+06   0.840335E+06   0.836637E+06  -0.199864E-01   0.442382E+06   0.442332E+06   0.704455E-01
   0.242678E+00   0.817786E+06   0.813508E+06  -0.331749E+00  -0.338304E+00   0.186292E+05   0.813515E+06   0.817114E+06   0.813515E+06  -0.194340E-01   0.430156E+06   0.430109E+06   0.645176E-01
   0.248094E+00   0.796746E+06   0.792790E+06  -0.309271E+00  -0.315382E+00   0.175062E+05   0.792616E+06   0.796125E+06   0.792616E+06  -0.189348E-01   0.419106E+06   0.419062E+06   0.588427E-01
   0.253510E+00   0.776633E+06   0.772960E+06  -0.288733E+00  -0.294438E+00   0.164697E+05   0.772632E+06   0.776056E+06   0.772632E+06  -0.184574E-01   0.408540E+06   0.408499E+06   0.539932E-01
   0.258927E+00   0.756352E+06   0.752891E+06  -0.269562E+00  -0.274888E+00   0.154904E+05   0.752472E+06   0.755809E+06   0.752472E+06  -0.179758E-01   0.397881E+06   0.397842E+06   0.502776E-01
   0.264343E+00   0.735348E+06   0.732012E+06  -0.251451E+00  -0.256419E+00   0.145531E+05   0.731578E+06   0.734824E+06   0.731578E+06  -0.174766E-01   0.386833E+06   0.386795E+06   0.477156E-01
   0.269759E+00   0.713681E+06   0.710394E+06  -0.234342E+00  -0.238972E+00   0.136564E+05   0.710012E+06   0.713165E+06   0.710012E+06  -0.169614E-01   0.375431E+06   0.375393E+06   0.460866E-01
   0.275176E+00   0.691804E+06   0.688515E+06  -0.218302E+00  -0.222615E+00   0.128063E+05   0.688229E+06   0.691287E+06   0.688229E+06  -0.164411E-01   0.363913E+06   0.363876E+06   0.450259E-01
   0.280592E+00   0.670292E+06   0.666983E+06  -0.203425E+00  -0.207444E+00   0.120102E+05   0.666807E+06   0.669772E+06   0.666807E+06  -0.159293E-01   0.352587E+06   0.352550E+06   0.441372E-01
   0.286008E+00   0.649726E+06   0.646410E+06  -0.189784E+00  -0.193533E+00   0.112744E+05   0.646329E+06   0.649205E+06   0.646329E+06  -0.154401E-01   0.341759E+06   0.341722E+06   0.430940E-01
   0.291424E+00   0.630621E+06   0.627332E+06  -0.177419E+00  -0.180924E+00   0.106030E+05   0.627312E+06   0.630104E+06   0.627312E+06  -0.149858E-01   0.331704E+06   0.331668E+06   0.417047E-01
   0.296841E+00   0.613279E+06   0.610061E+06  -0.166302E+00  -0.169587E+00   0.999630E+04   0.610057E+06   0.612774E+06   0.610057E+06  -0.145736E-01   0.322580E+06   0.322545E+06   0.399299E-01
   0.302257E+00   0.597663E+06   0.594554E+06  -0.156314E+00  -0.159402E+00   0.944866E+04   0.594526E+06   0.597175E+06   0.594526E+06  -0.142026E-01   0.314368E+06   0.314334E+06   0.378581E-01
   0.307673E+00   0.583439E+06   0.580464E+06  -0.147272E+00  -0.150181E+00   0.895048E+04   0.580385E+06   0.582972E+06   0.580385E+06  -0.138648E-01   0.306891E+06   0.306858E+06   0.356570E-01
   0.313090E+00   0.570154E+06   0.567319E+06  -0.138985E+00  -0.141731E+00   0.849135E+04   0.567179E+06   0.569709E+06   0.567179E+06  -0.135493E-01   0.299909E+06   0.299877E+06   0.335167E-01
   0.318506E+00   0.557381E+06   0.554675E+06  -0.131293E+00  -0.133887E+00   0.806229E+04   0.554482E+06   0.556956E+06   0.554482E+06  -0.132460E-01   0.293195E+06   0.293165E+06   0.315978E-01
   0.323922E+00   0.544782E+06   0.542181E+06  -0.124072E+00  -0.126523E+00   0.765654E+04   0.541955E+06   0.544374E+06   0.541955E+06  -0.129467E-01   0.286571E+06   0.286542E+06   0.299963E-01
   0.329338E+00   0.532135E+06   0.529609E+06  -0.117240E+00  -0.119556E+00   0.726956E+04   0.529375E+06   0.531739E+06   0.529375E+06  -0.126462E-01   0.279920E+06   0.279891E+06   0.287303E-01
   0.334755E+00   0.519377E+06   0.516898E+06  -0.110756E+00  -0.112944E+00   0.689946E+04   0.516680E+06   0.518988E+06   0.516680E+06  -0.123429E-01   0.273207E+06   0.273179E+06   0.277500E-01
   0.340171E+00   0.506616E+06   0.504165E+06  -0.104622E+00  -0.106689E+00   0.654670E+04   0.503979E+06   0.506231E+06   0.503979E+06  -0.120395E-01   0.266492E+06   0.266464E+06   0.269619E-01
   0.345587E+00   0.494078E+06   0.491646E+06  -0.988593E-01  -0.100812E+00   0.621315E+04   0.491499E+06   0.493696E+06   0.491499E+06  -0.117414E-01   0.259893E+06   0.259866E+06   0.262595E-01
   0.351003E+00   0.482001E+06   0.479590E+06  -0.934890E-01  -0.953358E-01   0.590061E+04   0.479478E+06   0.481622E+06   0.479478E+06  -0.114542E-01   0.253537E+06   0.253510E+06   0.255495E-01
   0.356420E+00   0.470550E+06   0.468169E+06  -0.885151E-01  -0.902636E-01   0.560973E+04   0.468082E+06   0.470176E+06   0.468082E+06  -0.111820E-01   0.247511E+06   0.247484E+06   0.247705E-01
   0.361836E+00   0.459798E+06   0.457461E+06  -0.839228E-01  -0.855806E-01   0.534004E+04   0.457384E+06   0.459431E+06   0.457384E+06  -0.109264E-01   0.241854E+06   0.241828E+06   0.239016E-01
   0.367252E+00   0.449740E+06   0.447461E+06  -0.796842E-01  -0.812583E-01   0.509013E+04   0.447379E+06   0.449382E+06   0.447379E+06  -0.106874E-01   0.236564E+06   0.236539E+06   0.229584E-01
   0.372669E+00   0.440307E+06   0.438094E+06  -0.757625E-01  -0.772591E-01   0.485799E+04   0.437998E+06   0.439959E+06   0.437998E+06  -0.104633E-01   0.231604E+06   0.231579E+06   0.219826E-01
   0.378085E+00   0.431370E+06   0.429226E+06  -0.721143E-01  -0.735388E-01   0.464114E+04   0.429111E+06   0.431033E+06   0.429111E+06  -0.102510E-01   0.226905E+06   0.226881E+06   0.210253E-01
   0.383501E+00   0.422766E+06   0.420688E+06  -0.686945E-01  -0.700515E-01   0.443694E+04   0.420555E+06   0.422440E+06   0.420555E+06  -0.100466E-01   0.222381E+06   0.222358E+06   0.201326E-01
   0.388917E+00   0.414347E+06   0.412328E+06  -0.654651E-01  -0.667583E-01   0.424315E+04   0.412183E+06   0.414030E+06   0.412183E+06  -0.984662E-02   0.217954E+06   0.217931E+06   0.193345E-01
   0.394334E+00   0.406024E+06   0.404053E+06  -0.624004E-01  -0.636330E-01   0.405828E+04   0.403904E+06   0.405714E+06   0.403904E+06  -0.964884E-02   0.213576E+06   0.213554E+06   0.186413E-01
   0.399750E+00   0.397774E+06   0.395841E+06  -0.594874E-01  -0.606625E-01   0.388166E+04   0.395697E+06   0.397471E+06   0.395697E+06  -0.945278E-02   0.209236E+06   0.209215E+06   0.180437E-01
   0.405166E+00   0.389628E+06   0.387724E+06  -0.567217E-01  -0.578421E-01   0.371316E+04   0.387590E+06   0.389329E+06   0.387590E+06  -0.925913E-02   0.204950E+06   0.204929E+06   0.175187E-01
   0.410583E+00   0.381639E+06   0.379761E+06  -0.541026E-01  -0.551712E-01   0.355285E+04   0.379641E+06   0.381344E+06   0.379641E+06  -0.906923E-02   0.200747E+06   0.200726E+06   0.170368E-01
   0.415999E+00   0.373870E+06   0.372017E+06  -0.516300E-01  -0.526498E-01   0.340090E+04   0.371910E+06   0.373579E+06   0.371910E+06  -0.888455E-02   0.196659E+06   0.196638E+06   0.165699E-01
   0.421415E+00   0.366378E+06   0.364551E+06  -0.493032E-01  -0.502770E-01   0.325734E+04   0.364455E+06   0.366091E+06   0.364455E+06  -0.870646E-02   0.192717E+06   0.192697E+06   0.160979E-01
   0.426831E+00   0.359205E+06   0.357410E+06  -0.471191E-01  -0.480498E-01   0.312214E+04   0.357320E+06   0.358923E+06   0.357320E+06  -0.853599E-02   0.188944E+06   0.188924E+06   0.156114E-01
   0.432248E+00   0.352366E+06   0.350605E+06  -0.450711E-01  -0.459613E-01   0.299494E+04   0.350516E+06   0.352090E+06   0.350516E+06  -0.837346E-02   0.185346E+06   0.185327E+06   0.151114E-01
   0.437664E+00   0.345834E+06   0.344110E+06  -0.431476E-01  -0.439999E-01   0.287511E+04   0.344018E+06   0.345563E+06   0.344018E+06  -0.821824E-02   0.181911E+06   0.181891E+06   0.146069E-01
   0.443080E+00   0.339555E+06   0.337870E+06  -0.413351E-01  -0.421516E-01   0.276181E+04   0.337773E+06   0.339290E+06   0.337773E+06  -0.806904E-02   0.178608E+06   0.178590E+06   0.141110E-01
   0.448497E+00   0.333476E+06   0.331830E+06  -0.396209E-01  -0.404035E-01   0.265429E+04   0.331728E+06   0.333218E+06   0.331728E+06  -0.792463E-02   0.175412E+06   0.175393E+06   0.136367E-01
   0.453913E+00   0.327559E+06   0.325948E+06  -0.379948E-01  -0.387453E-01   0.255195E+04   0.325842E+06   0.327306E+06   0.325842E+06  -0.778403E-02   0.172300E+06   0.172282E+06   0.131940E-01
   0.459329E+00   0.321770E+06   0.320191E+06  -0.364485E-01  -0.371684E-01   0.245428E+04   0.320084E+06   0.321522E+06   0.320084E+06  -0.764646E-02   0.169255E+06   0.169237E+06   0.127873E-01
   0.464745E+00   0.316081E+06   0.314531E+06  -0.349745E-01  -0.356653E-01   0.236084E+04   0.314425E+06   0.315837E+06   0.314425E+06  -0.751127E-02   0.166262E+06   0.166245E+06   0.124155E-01
   0.470162E+00   0.310485E+06   0.308960E+06  -0.335684E-01  -0.342314E-01   0.227140E+04   0.308857E+06   0.310245E+06   0.308857E+06  -0.737827E-02   0.163318E+06   0.163301E+06   0.120729E-01
   0.475578E+00   0.304998E+06   0.303496E+06  -0.322284E-01  -0.328650E-01   0.218587E+04   0.303398E+06   0.304762E+06   0.303398E+06  -0.724787E-02   0.160432E+06   0.160415E+06   0.117518E-01
   0.480994E+00   0.299648E+06   0.298168E+06  -0.309540E-01  -0.315654E-01   0.210428E+04   0.298076E+06   0.299416E+06   0.298076E+06  -0.712071E-02   0.157617E+06   0.157601E+06   0.114440E-01
   0.486411E+00   0.294454E+06   0.292995E+06  -0.297438E-01  -0.303313E-01   0.202657E+04   0.292908E+06   0.294225E+06   0.292908E+06  -0.699726E-02   0.154885E+06   0.154868E+06   0.111428E-01
   0.491827E+00   0.289422E+06   0.287986E+06  -0.285952E-01  -0.291600E-01   0.195261E+04   0.287902E+06   0.289196E+06   0.287902E+06  -0.687767E-02   0.152238E+06   0.152222E+06   0.108439E-01
   0.497243E+00   0.284553E+06   0.283140E+06  -0.275051E-01  -0.280484E-01   0.188222E+04   0.283058E+06   0.284331E+06   0.283058E+06  -0.676196E-02   0.149676E+06   0.149661E+06   0.105464E-01
   0.502659E+00   0.279844E+06   0.278457E+06  -0.264703E-01  -0.269931E-01   0.181523E+04   0.278374E+06   0.279626E+06   0.278374E+06  -0.665007E-02   0.147200E+06   0.147184E+06   0.102517E-01
   0.508076E+00   0.275288E+06   0.273925E+06  -0.254871E-01  -0.259905E-01   0.175142E+04   0.273842E+06   0.275074E+06   0.273842E+06  -0.654179E-02   0.144803E+06   0.144788E+06   0.996287E-02
   0.513492E+00   0.270865E+06   0.269526E+06  -0.245515E-01  -0.250364E-01   0.169054E+04   0.269442E+06   0.270654E+06   0.269442E+06  -0.643669E-02   0.142477E+06   0.142462E+06   0.968349E-02
   0.518908E+00   0.266553E+06   0.265238E+06  -0.236590E-01  -0.241263E-01   0.163231E+04   0.265153E+06   0.266346E+06   0.265153E+06  -0.633423E-02   0.140209E+06   0.140194E+06   0.941638E-02
   0.524324E+00   0.262335E+06   0.261043E+06  -0.228061E-01  -0.232566E-01   0.157652E+04   0.260958E+06   0.262132E+06   0.260958E+06  -0.623400E-02   0.137990E+06   0.137976E+06   0.916321E-02
   0.529741E+00   0.258204E+06   0.256932E+06  -0.219903E-01  -0.224247E-01   0.152301E+04   0.256848E+06   0.258004E+06   0.256848E+06  -0.613583E-02   0.135817E+06   0.135803E+06   0.892419E-02
   0.535157E+00   0.254158E+06   0.252906E+06  -0.212099E-01  -0.216288E-01   0.147169E+04   0.252823E+06   0.253961E+06   0.252823E+06  -0.603967E-02   0.133689E+06   0.133675E+06   0.869823E-02
   0.540573E+00   0.250197E+06   0.248964E+06  -0.204631E-01  -0.208673E-01   0.142246E+04   0.248883E+06   0.250003E+06   0.248883E+06  -0.594555E-02   0.131606E+06   0.131592E+06   0.848323E-02
   0.545990E+00   0.246323E+06   0.245107E+06  -0.197485E-01  -0.201386E-01   0.137524E+04   0.245028E+06   0.246132E+06   0.245028E+06  -0.585347E-02   0.129567E+06   0.129554E+06   0.827671E-02
   0.551406E+00   0.242538E+06   0.241339E+06  -0.190649E-01  -0.194415E-01   0.132996E+04   0.241263E+06   0.242349E+06   0.241263E+06  -0.576352E-02   0.127576E+06   0.127563E+06   0.807643E-02
   0.556822E+00   0.238848E+06   0.237667E+06  -0.184115E-01  -0.187751E-01   0.128658E+04   0.237593E+06   0.238663E+06   0.237593E+06  -0.567585E-02   0.125636E+06   0.125623E+06   0.788086E-02
   0.562238E+00   0.235259E+06   0.234095E+06  -0.177871E-01  -0.181384E-01   0.124504E+04   0.234022E+06   0.235076E+06   0.234022E+06  -0.559054E-02   0.123748E+06   0.123735E+06   0.768921E-02
   0.567655E+00   0.231766E+06   0.230619E+06  -0.171903E-01  -0.175298E-01   0.120524E+04   0.230547E+06   0.231586E+06   0.230547E+06  -0.550754E-02   0.121910E+06   0.121897E+06   0.750142E-02
   0.573071E+00   0.228362E+06   0.227233E+06  -0.166191E-01  -0.169474E-01   0.116708E+04   0.227161E+06   0.228184E+06   0.227161E+06  -0.542664E-02   0.120120E+06   0.120107E+06   0.731797E-02
   0.578487E+00   0.225040E+06   0.223928E+06  -0.160722E-01  -0.163896E-01   0.113046E+04   0.223857E+06   0.224865E+06   0.223857E+06  -0.534771E-02   0.118372E+06   0.118360E+06   0.713963E-02
   0.583904E+00   0.221797E+06   0.220702E+06  -0.155481E-01  -0.158552E-01   0.109530E+04   0.220631E+06   0.221625E+06   0.220631E+06  -0.527063E-02   0.116666E+06   0.116654E+06   0.696724E-02
   0.589320E+00   0.218627E+06   0.217548E+06  -0.150455E-01  -0.153427E-01   0.106151E+04   0.217478E+06   0.218458E+06   0.217478E+06  -0.519532E-02   0.114999E+06   0.114987E+06   0.680136E-02
   0.594736E+00   0.215525E+06   0.214462E+06  -0.145632E-01  -0.148508E-01   0.102902E+04   0.214392E+06   0.215358E+06   0.214392E+06  -0.512161E-02   0.113368E+06   0.113356E+06   0.664211E-02
   0.600152E+00   0.212485E+06   0.211437E+06  -0.140997E-01  -0.143782E-01   0.997737E+03   0.211368E+06   0.212320E+06   0.211368E+06  -0.504935E-02   0.111768E+06   0.111757E+06   0.648921E-02
   0.605569E+00   0.209504E+06   0.208470E+06  -0.136544E-01  -0.139241E-01   0.967615E+03   0.208402E+06   0.209342E+06   0.208402E+06  -0.497852E-02   0.110200E+06   0.110189E+06   0.634213E-02
   0.610985E+00   0.206586E+06   0.205566E+06  -0.132266E-01  -0.134878E-01   0.938624E+03   0.205499E+06   0.206426E+06   0.205499E+06  -0.490916E-02   0.108665E+06   0.108654E+06   0.620020E-02
   0.616401E+00   0.203731E+06   0.202726E+06  -0.128156E-01  -0.130687E-01   0.910723E+03   0.202660E+06   0.203573E+06   0.202660E+06  -0.484133E-02   0.107164E+06   0.107153E+06   0.606271E-02
   0.621818E+00   0.200940E+06   0.199947E+06  -0.124208E-01  -0.126661E-01   0.883868E+03   0.199883E+06   0.200784E+06   0.199883E+06  -0.477499E-02   0.105695E+06   0.105684E+06   0.592903E-02
   0.627234E+00   0.198208E+06   0.197229E+06  -0.120413E-01  -0.122791E-01   0.858010E+03   0.197166E+06   0.198054E+06   0.197166E+06  -0.471008E-02   0.104259E+06   0.104248E+06   0.579871E-02
   0.632650E+00   0.195537E+06   0.194571E+06  -0.116765E-01  -0.119071E-01   0.833109E+03   0.194508E+06   0.195385E+06   0.194508E+06  -0.464660E-02   0.102853E+06   0.102843E+06   0.567157E-02
   0.638066E+00   0.192926E+06   0.191973E+06  -0.113258E-01  -0.115495E-01   0.809136E+03   0.191911E+06   0.192776E+06   0.191911E+06  -0.458455E-02   0.101480E+06   0.101469E+06   0.554761E-02
   0.643483E+00   0.190374E+06   0.189434E+06  -0.109887E-01  -0.112057E-01   0.786044E+03   0.189372E+06   0.190226E+06   0.189372E+06  -0.452391E-02   0.100138E+06   0.100127E+06   0.542697E-02
   0.648899E+00   0.187876E+06   0.186948E+06  -0.106642E-01  -0.108748E-01   0.763787E+03   0.186887E+06   0.187730E+06   0.186887E+06  -0.446454E-02   0.988237E+05   0.988134E+05   0.530975E-02
   0.654315E+00   0.185428E+06   0.184513E+06  -0.103517E-01  -0.105562E-01   0.742315E+03   0.184452E+06   0.185284E+06   0.184452E+06  -0.440637E-02   0.975360E+05   0.975258E+05   0.519606E-02
   0.659732E+00   0.183028E+06   0.182125E+06  -0.100507E-01  -0.102492E-01   0.721595E+03   0.182065E+06   0.182886E+06   0.182065E+06  -0.434935E-02   0.962738E+05   0.962638E+05   0.508594E-02
   0.665148E+00   0.180677E+06   0.179785E+06  -0.976068E-02  -0.995346E-02   0.701602E+03   0.179726E+06   0.180537E+06   0.179726E+06  -0.429347E-02   0.950370E+05   0.950271E+05   0.497937E-02
   0.670564E+00   0.178372E+06   0.177492E+06  -0.948116E-02  -0.966842E-02   0.682302E+03   0.177434E+06   0.178234E+06   0.177434E+06  -0.423871E-02   0.938249E+05   0.938151E+05   0.487617E-02
   0.675980E+00   0.176112E+06   0.175243E+06  -0.921163E-02  -0.939356E-02   0.663664E+03   0.175186E+06   0.175976E+06   0.175186E+06  -0.418500E-02   0.926360E+05   0.926263E+05   0.477610E-02
   0.681397E+00   0.173895E+06   0.173036E+06  -0.895162E-02  -0.912842E-02   0.645655E+03   0.172979E+06   0.173760E+06   0.172979E+06  -0.413230E-02   0.914694E+05   0.914599E+05   0.467891E-02
   0.686813E+00   0.171720E+06   0.170872E+06  -0.870082E-02  -0.887266E-02   0.628259E+03   0.170816E+06   0.171587E+06   0.170816E+06  -0.408062E-02   0.903256E+05   0.903162E+05   0.458438E-02
   0.692229E+00   0.169590E+06   0.168752E+06  -0.845894E-02  -0.862600E-02   0.611458E+03   0.168697E+06   0.169458E+06   0.168697E+06  -0.403000E-02   0.892050E+05   0.891957E+05   0.449232E-02
   0.697645E+00   0.167502E+06   0.166675E+06  -0.822561E-02  -0.838807E-02   0.595226E+03   0.166621E+06   0.167372E+06   0.166621E+06  -0.398040E-02   0.881071E+05   0.880979E+05   0.440262E-02
   0.703062E+00   0.165456E+06   0.164639E+06  -0.800041E-02  -0.815842E-02   0.579540E+03   0.164585E+06   0.165327E+06   0.164585E+06  -0.393176E-02   0.870305E+05   0.870214E+05   0.431516E-02
   0.708478E+00   0.163448E+06   0.162641E+06  -0.778295E-02  -0.793666E-02   0.564369E+03   0.162588E+06   0.163321E+06   0.162588E+06  -0.388404E-02   0.859743E+05   0.859654E+05   0.422990E-02
   0.713894E+00   0.161479E+06   0.160682E+06  -0.757295E-02  -0.772252E-02   0.549701E+03   0.160629E+06   0.161353E+06   0.160629E+06  -0.383725E-02   0.849385E+05   0.849296E+05   0.414684E-02
   0.719311E+00   0.159548E+06   0.158760E+06  -0.737016E-02  -0.751573E-02   0.535516E+03   0.158708E+06   0.159424E+06   0.158708E+06  -0.379137E-02   0.839230E+05   0.839142E+05   0.406601E-02
   0.724727E+00   0.157654E+06   0.156876E+06  -0.717424E-02  -0.731593E-02   0.521793E+03   0.156824E+06   0.157532E+06   0.156824E+06  -0.374637E-02   0.829268E+05   0.829182E+05   0.398737E-02
   0.730143E+00   0.155795E+06   0.155026E+06  -0.698483E-02  -0.712278E-02   0.508509E+03   0.154974E+06   0.155674E+06   0.154974E+06  -0.370218E-02   0.819487E+05   0.819401E+05   0.391087E-02
   0.735559E+00   0.153968E+06   0.153208E+06  -0.680165E-02  -0.693599E-02   0.495645E+03   0.153157E+06   0.153848E+06   0.153157E+06  -0.365877E-02   0.809878E+05   0.809793E+05   0.383644E-02
   0.740976E+00   0.152174E+06   0.151423E+06  -0.662451E-02  -0.675534E-02   0.483190E+03   0.151373E+06   0.152056E+06   0.151373E+06  -0.361615E-02   0.800444E+05   0.800360E+05   0.376402E-02
   0.746392E+00   0.150414E+06   0.149672E+06  -0.645321E-02  -0.658066E-02   0.471130E+03   0.149622E+06   0.150298E+06   0.149622E+06  -0.357432E-02   0.791186E+05   0.791103E+05   0.369351E-02
   0.751808E+00   0.148686E+06   0.147953E+06  -0.628750E-02  -0.641168E-02   0.459450E+03   0.147903E+06   0.148571E+06   0.147903E+06  -0.353326E-02   0.782097E+05   0.782015E+05   0.362482E-02
   0.757225E+00   0.146989E+06   0.146263E+06  -0.612712E-02  -0.624813E-02   0.448131E+03   0.146215E+06   0.146875E+06   0.146215E+06  -0.349292E-02   0.773167E+05   0.773086E+05   0.355783E-02
   0.762641E+00   0.145321E+06   0.144604E+06  -0.597186E-02  -0.608980E-02   0.437160E+03   0.144556E+06   0.145208E+06   0.144556E+06  -0.345328E-02   0.764394E+05   0.764314E+05   0.349248E-02
   0.768057E+00   0.143683E+06   0.142974E+06  -0.582158E-02  -0.593655E-02   0.426530E+03   0.142926E+06   0.143572E+06   0.142926E+06  -0.341436E-02   0.755779E+05   0.755700E+05   0.342871E-02
   0.773473E+00   0.142075E+06   0.141374E+06  -0.567611E-02  -0.578821E-02   0.416226E+03   0.141327E+06   0.141965E+06   0.141327E+06  -0.337616E-02   0.747323E+05   0.747245E+05   0.336649E-02
   0.778890E+00   0.140496E+06   0.139803E+06  -0.553523E-02  -0.564456E-02   0.406238E+03   0.139756E+06   0.140387E+06   0.139756E+06  -0.333863E-02   0.739017E+05   0.738939E+05   0.330577E-02
   0.784306E+00   0.138944E+06   0.138258E+06  -0.539874E-02  -0.550536E-02   0.396549E+03   0.138212E+06   0.138836E+06   0.138212E+06  -0.330175E-02   0.730851E+05   0.730775E+05   0.324652E-02
   0.789722E+00   0.137418E+06   0.136740E+06  -0.526646E-02  -0.537047E-02   0.387148E+03   0.136694E+06   0.137311E+06   0.136694E+06  -0.326548E-02   0.722824E+05   0.722749E+05   0.318869E-02
   0.795139E+00   0.135919E+06   0.135248E+06  -0.513827E-02  -0.523975E-02   0.378030E+03   0.135203E+06   0.135813E+06   0.135203E+06  -0.322985E-02   0.714937E+05   0.714863E+05   0.313229E-02
   0.800555E+00   0.134445E+06   0.133782E+06  -0.501405E-02  -0.511307E-02   0.369182E+03   0.133737E+06   0.134341E+06   0.133737E+06  -0.319485E-02   0.707189E+05   0.707115E+05   0.307727E-02
   0.805971E+00   0.132997E+06   0.132341E+06  -0.489360E-02  -0.499025E-02   0.360595E+03   0.132297E+06   0.132894E+06   0.132297E+06  -0.316043E-02   0.699571E+05   0.699498E+05   0.302359E-02
   0.811387E+00   0.131572E+06   0.130923E+06  -0.477676E-02  -0.487110E-02   0.352256E+03   0.130880E+06   0.131470E+06   0.130880E+06  -0.312657E-02   0.692077E+05   0.692005E+05   0.297118E-02
   0.816804E+00   0.130171E+06   0.129529E+06  -0.466342E-02  -0.475552E-02   0.344159E+03   0.129486E+06   0.130070E+06   0.129486E+06  -0.309327E-02   0.684706E+05   0.684634E+05   0.292002E-02
   0.822220E+00   0.128794E+06   0.128158E+06  -0.455349E-02  -0.464342E-02   0.336297E+03   0.128115E+06   0.128694E+06   0.128115E+06  -0.306054E-02   0.677460E+05   0.677389E+05   0.287005E-02
   0.827636E+00   0.127440E+06   0.126811E+06  -0.444684E-02  -0.453467E-02   0.328663E+03   0.126768E+06   0.127341E+06   0.126768E+06  -0.302836E-02   0.670338E+05   0.670268E+05   0.282125E-02
   0.833053E+00   0.126108E+06   0.125486E+06  -0.434334E-02  -0.442912E-02   0.321247E+03   0.125444E+06   0.126010E+06   0.125444E+06  -0.299672E-02   0.663333E+05   0.663264E+05   0.277356E-02
   0.838469E+00   0.124797E+06   0.124182E+06  -0.424285E-02  -0.432665E-02   0.314038E+03   0.124140E+06   0.124701E+06   0.124140E+06  -0.296557E-02   0.656439E+05   0.656370E+05   0.272695E-02
   0.843885E+00   0.123508E+06   0.122898E+06  -0.414529E-02  -0.422716E-02   0.307033E+03   0.122857E+06   0.123412E+06   0.122857E+06  -0.293493E-02   0.649656E+05   0.649588E+05   0.268138E-02
   0.849301E+00   0.122240E+06   0.121637E+06  -0.405057E-02  -0.413057E-02   0.300226E+03   0.121596E+06   0.122145E+06   0.121596E+06  -0.290480E-02   0.642986E+05   0.642919E+05   0.263685E-02
   0.854718E+00   0.120993E+06   0.120396E+06  -0.395860E-02  -0.403678E-02   0.293611E+03   0.120355E+06   0.120899E+06   0.120355E+06  -0.287516E-02   0.636426E+05   0.636360E+05   0.259332E-02
   0.860134E+00   0.119765E+06   0.119174E+06  -0.386925E-02  -0.394566E-02   0.287178E+03   0.119134E+06   0.119672E+06   0.119134E+06  -0.284599E-02   0.629970E+05   0.629904E+05   0.255077E-02
   0.865550E+00   0.118557E+06   0.117972E+06  -0.378242E-02  -0.385712E-02   0.280920E+03   0.117932E+06   0.118465E+06   0.117932E+06  -0.281727E-02   0.623613E+05   0.623548E+05   0.250916E-02
   0.870966E+00   0.117367E+06   0.116788E+06  -0.369804E-02  -0.377107E-02   0.274834E+03   0.116749E+06   0.117276E+06   0.116749E+06  -0.278900E-02   0.617355E+05   0.617290E+05   0.246848E-02
   0.876383E+00   0.116196E+06   0.115623E+06  -0.361604E-02  -0.368746E-02   0.268914E+03   0.115584E+06   0.116106E+06   0.115584E+06  -0.276119E-02   0.611198E+05   0.611134E+05   0.242870E-02
   0.881799E+00   0.115045E+06   0.114477E+06  -0.353636E-02  -0.360620E-02   0.263156E+03   0.114439E+06   0.114956E+06   0.114439E+06  -0.273382E-02   0.605140E+05   0.605076E+05   0.238980E-02
   0.955361E+00   0.101020E+06   0.100522E+06  -0.264549E-02  -0.269773E-02   0.198421E+03   0.100488E+06   0.100942E+06   0.100488E+06  -0.240055E-02   0.531370E+05   0.531315E+05   0.193631E-02
   0.103506E+01   0.886435E+05   0.882063E+05  -0.197766E-02  -0.201671E-02   0.149391E+03   0.881763E+05   0.885749E+05   0.881763E+05  -0.210644E-02   0.466268E+05   0.466219E+05   0.156775E-02
   0.112141E+01   0.777288E+05   0.773455E+05  -0.147738E-02  -0.150656E-02   0.112318E+03   0.773191E+05   0.776686E+05   0.773191E+05  -0.184707E-02   0.408856E+05   0.408814E+05   0.126842E-02
   0.121496E+01   0.681129E+05   0.677770E+05  -0.110292E-02  -0.112471E-02   0.843347E+02   0.677538E+05   0.680602E+05   0.677538E+05  -0.161857E-02   0.358276E+05   0.358239E+05   0.102555E-02
   0.131631E+01   0.596493E+05   0.593552E+05  -0.822864E-03  -0.839115E-03   0.632453E+02   0.593348E+05   0.596031E+05   0.593348E+05  -0.141745E-02   0.313757E+05   0.313725E+05   0.828631E-03
   0.142612E+01   0.522048E+05   0.519474E+05  -0.613534E-03  -0.625651E-03   0.473740E+02   0.519295E+05   0.521644E+05   0.519295E+05  -0.124054E-02   0.274599E+05   0.274570E+05   0.669079E-03
   0.154509E+01   0.456627E+05   0.454376E+05  -0.457189E-03  -0.466218E-03   0.354469E+02   0.454219E+05   0.456274E+05   0.454219E+05  -0.108508E-02   0.240187E+05   0.240162E+05   0.539906E-03
   0.167399E+01   0.399176E+05   0.397208E+05  -0.340489E-03  -0.347213E-03   0.264951E+02   0.397070E+05   0.398867E+05   0.397070E+05  -0.948558E-03   0.209967E+05   0.209946E+05   0.435396E-03
   0.181364E+01   0.348760E+05   0.347041E+05  -0.253437E-03  -0.258442E-03   0.197848E+02   0.346920E+05   0.348490E+05   0.346920E+05  -0.828755E-03   0.183448E+05   0.183429E+05   0.350897E-03
   0.196494E+01   0.304550E+05   0.303049E+05  -0.188542E-03  -0.192265E-03   0.147606E+02   0.302943E+05   0.304314E+05   0.302943E+05  -0.723700E-03   0.160194E+05   0.160177E+05   0.282622E-03
   0.212885E+01   0.265808E+05   0.264498E+05  -0.140192E-03  -0.142960E-03   0.110028E+02   0.264406E+05   0.265602E+05   0.264406E+05  -0.631637E-03   0.139816E+05   0.139801E+05   0.227492E-03
   0.230645E+01   0.231880E+05   0.230737E+05  -0.104189E-03  -0.106247E-03   0.819519E+01   0.230657E+05   0.231701E+05   0.230657E+05  -0.551014E-03   0.121969E+05   0.121957E+05   0.183002E-03
   0.249886E+01   0.202185E+05   0.201189E+05  -0.773950E-04  -0.789234E-04   0.609936E+01   0.201118E+05   0.202029E+05   0.201118E+05  -0.480450E-03   0.106350E+05   0.106339E+05   0.147122E-03
   0.270732E+01   0.176212E+05   0.175344E+05  -0.574652E-04  -0.586001E-04   0.453637E+01   0.175283E+05   0.176076E+05   0.175283E+05  -0.418732E-03   0.926882E+04   0.926786E+04   0.118201E-03
   0.293317E+01   0.153507E+05   0.152751E+05  -0.426483E-04  -0.434906E-04   0.337163E+01   0.152697E+05   0.153388E+05   0.152697E+05  -0.364778E-03   0.807452E+04   0.807369E+04   0.949038E-04
   0.317786E+01   0.133670E+05   0.133012E+05  -0.316382E-04  -0.322630E-04   0.250439E+01   0.132965E+05   0.133567E+05   0.132965E+05  -0.317639E-03   0.703107E+04   0.703035E+04   0.761472E-04
   0.344297E+01   0.116348E+05   0.115775E+05  -0.234606E-04  -0.239239E-04   0.185914E+01   0.115734E+05   0.116258E+05   0.115734E+05  -0.276476E-03   0.611992E+04   0.611929E+04   0.610547E-04
   0.373019E+01   0.101229E+05   0.100731E+05  -0.173897E-04  -0.177331E-04   0.137937E+01   0.100695E+05   0.101151E+05   0.100695E+05  -0.240550E-03   0.532468E+04   0.532413E+04   0.489173E-04
   0.404137E+01   0.880411E+04   0.876075E+04  -0.128847E-04  -0.131392E-04   0.102287E+01   0.875765E+04   0.879729E+04   0.875765E+04  -0.209211E-03   0.463098E+04   0.463051E+04   0.391619E-04
   0.437851E+01   0.765419E+04   0.761650E+04  -0.954320E-05  -0.973167E-05   0.758144E+00   0.761380E+04   0.764827E+04   0.761380E+04  -0.181886E-03   0.402612E+04   0.402571E+04   0.313254E-04
   0.474378E+01   0.665204E+04   0.661929E+04  -0.706568E-05  -0.720522E-05   0.561665E+00   0.661694E+04   0.664689E+04   0.661694E+04  -0.158072E-03   0.349899E+04   0.349863E+04   0.250340E-04
   0.513952E+01   0.577903E+04   0.575058E+04  -0.522948E-05  -0.533275E-05   0.415923E+00   0.574854E+04   0.577456E+04   0.574854E+04  -0.137327E-03   0.303979E+04   0.303948E+04   0.199859E-04
   0.556827E+01   0.501888E+04   0.499417E+04  -0.386913E-05  -0.394555E-05   0.307869E+00   0.499240E+04   0.501500E+04   0.499240E+04  -0.119263E-03   0.263994E+04   0.263968E+04   0.159378E-04
   0.603279E+01   0.435726E+04   0.433582E+04  -0.286170E-05  -0.291822E-05   0.227798E+00   0.433427E+04   0.435389E+04   0.433427E+04  -0.103541E-03   0.229193E+04   0.229170E+04   0.126937E-04
   0.653606E+01   0.378163E+04   0.376302E+04  -0.211590E-05  -0.215768E-05   0.168486E+00   0.376168E+04   0.377871E+04   0.376168E+04  -0.898625E-04   0.198915E+04   0.198895E+04   0.100956E-04
   0.708132E+01   0.328102E+04   0.326488E+04  -0.156397E-05  -0.159486E-05   0.124573E+00   0.326371E+04   0.327849E+04   0.326371E+04  -0.779666E-04   0.172583E+04   0.172566E+04   0.801622E-05
   0.767206E+01   0.284581E+04   0.283181E+04  -0.115566E-05  -0.117848E-05   0.920722E-01   0.283079E+04   0.284361E+04   0.283079E+04  -0.676247E-04   0.149690E+04   0.149676E+04   0.635325E-05
   0.831208E+01   0.246760E+04   0.245547E+04  -0.853692E-06  -0.870552E-06   0.680300E-01   0.245458E+04   0.246569E+04   0.245458E+04  -0.586374E-04   0.129796E+04   0.129784E+04   0.502438E-05
   0.900549E+01   0.213904E+04   0.212853E+04  -0.630447E-06  -0.642898E-06   0.502483E-01   0.212775E+04   0.213739E+04   0.212775E+04  -0.508298E-04   0.112514E+04   0.112503E+04   0.396338E-05
   0.975675E+01   0.185371E+04   0.184460E+04  -0.465452E-06  -0.474644E-06   0.371036E-01   0.184393E+04   0.185228E+04   0.184393E+04  -0.440495E-04   0.975055E+03   0.974964E+03   0.311708E-05
   0.105707E+02   0.160600E+04   0.159812E+04  -0.343544E-06  -0.350329E-06   0.273891E-01   0.159753E+04   0.160476E+04   0.159753E+04  -0.381633E-04   0.844761E+03   0.844683E+03   0.244274E-05
   0.114525E+02   0.139103E+04   0.138420E+04  -0.253499E-06  -0.258505E-06   0.202128E-01   0.138369E+04   0.138996E+04   0.138369E+04  -0.330549E-04   0.731684E+03   0.731619E+03   0.190607E-05
   0.124079E+02   0.120452E+04   0.119861E+04  -0.187007E-06  -0.190700E-06   0.149125E-01   0.119817E+04   0.120359E+04   0.119817E+04  -0.286230E-04   0.633581E+03   0.633526E+03   0.147955E-05
   0.134430E+02   0.104276E+04   0.103765E+04  -0.137921E-06  -0.140644E-06   0.109994E-01   0.103726E+04   0.104196E+04   0.103726E+04  -0.247791E-04   0.548494E+03   0.548448E+03   0.114109E-05
   0.145645E+02   0.902501E+03   0.898083E+03  -0.101694E-06  -0.103702E-06   0.811072E-02   0.897743E+03   0.901807E+03   0.897743E+03  -0.214461E-04   0.474718E+03   0.474680E+03   0.872993E-06
   0.157795E+02   0.780923E+03   0.777104E+03  -0.749648E-07  -0.764454E-07   0.597928E-02   0.776806E+03   0.780323E+03   0.776806E+03  -0.185571E-04   0.410768E+03   0.410737E+03   0.661079E-06
   0.170958E+02   0.675566E+03   0.672266E+03  -0.552483E-07  -0.563394E-07   0.440703E-02   0.672005E+03   0.675048E+03   0.672005E+03  -0.160535E-04   0.355350E+03   0.355325E+03   0.493984E-06
   0.185220E+02   0.584292E+03   0.581441E+03  -0.407081E-07  -0.415121E-07   0.324729E-02   0.581212E+03   0.583844E+03   0.581212E+03  -0.138846E-04   0.307339E+03   0.307319E+03   0.362612E-06
   0.200672E+02   0.505237E+03   0.502777E+03  -0.299879E-07  -0.305802E-07   0.239221E-02   0.502575E+03   0.504850E+03   0.502575E+03  -0.120060E-04   0.265756E+03   0.265741E+03   0.259685E-06
   0.217412E+02   0.436784E+03   0.434661E+03  -0.220860E-07  -0.225223E-07   0.176194E-02   0.434483E+03   0.436450E+03   0.434483E+03  -0.103793E-04   0.229750E+03   0.229738E+03   0.179382E-06
   0.235549E+02   0.377525E+03   0.375694E+03  -0.162628E-07  -0.165840E-07   0.129748E-02   0.375537E+03   0.377237E+03   0.375537E+03  -0.897119E-05   0.198579E+03   0.198571E+03   0.117049E-06
   0.255199E+02   0.326238E+03   0.324661E+03  -0.119724E-07  -0.122089E-07   0.955229E-03   0.324521E+03   0.325990E+03   0.324521E+03  -0.775247E-05   0.171602E+03   0.171597E+03   0.689685E-07
   0.276489E+02   0.281861E+03   0.280502E+03  -0.881211E-08  -0.898618E-08   0.703088E-03   0.280378E+03   0.281648E+03   0.280378E+03  -0.669794E-05   0.148260E+03   0.148257E+03   0.321738E-07
   0.299554E+02   0.243472E+03   0.242302E+03  -0.648468E-08  -0.661278E-08   0.517417E-03   0.242191E+03   0.243288E+03   0.242191E+03  -0.578570E-05   0.128067E+03   0.128067E+03   0.429720E-08
   0.324544E+02   0.210269E+03   0.209264E+03  -0.477100E-08  -0.486525E-08   0.380676E-03   0.209164E+03   0.210111E+03   0.209164E+03  -0.499671E-05   0.110602E+03   0.110604E+03  -0.165488E-07
   0.351618E+02   0.181559E+03   0.180695E+03  -0.350949E-08  -0.357882E-08   0.280040E-03   0.180606E+03   0.181423E+03   0.180606E+03  -0.431448E-05   0.955009E+02   0.955042E+02  -0.318675E-07
   0.380951E+02   0.156738E+03   0.155998E+03  -0.258102E-08  -0.263202E-08   0.205954E-03   0.155916E+03   0.156622E+03   0.155916E+03  -0.372467E-05   0.824453E+02   0.824502E+02  -0.428551E-07
   0.412731E+02   0.135285E+03   0.134650E+03  -0.189781E-08  -0.193531E-08   0.151463E-03   0.134576E+03   0.135185E+03   0.134576E+03  -0.321488E-05   0.711607E+02   0.711670E+02  -0.504625E-07
   0.447162E+02   0.116746E+03   0.116203E+03  -0.139518E-08  -0.142275E-08   0.111335E-03   0.116135E+03   0.116660E+03   0.116135E+03  -0.277433E-05   0.614090E+02   0.614164E+02  -0.554445E-07
   0.484465E+02   0.100728E+03   0.100264E+03  -0.102546E-08  -0.104572E-08   0.818356E-04   0.100201E+03   0.100655E+03   0.100201E+03  -0.239370E-05   0.529834E+02   0.529919E+02  -0.583994E-07
   0.524880E+02   0.868903E+02   0.864950E+02  -0.753561E-09  -0.768454E-09   0.601567E-04   0.864369E+02   0.868282E+02   0.864369E+02  -0.206489E-05   0.457050E+02   0.457144E+02  -0.598010E-07
   0.551124E+02   0.794056E+02   0.790474E+02  -0.624599E-09  -0.636944E-09   0.498592E-04   0.789917E+02   0.793493E+02   0.789917E+02  -0.188703E-05   0.417680E+02   0.417779E+02  -0.600563E-07
